donor,chromosome,chromstart,chromend,copy_number_change
SJRB001,12,108401300,109538085,-1
SJRB001,12,109538085,109538085,-1
SJRB001,2,14495774,17201871,30
SJRB001,5,21558880,21609194,2
SJRB001,6,1,60500000,2
SJRB001,7,68569847,68742779,-1
SJRB001,7,68742779,68742779,-1
SJRB002,,,,1
SJRB003,1,1,25265139,-0.5
SJRB003,1,164744053,166476187,0.5
SJRB003,1,173478509,173901001,0.5
SJRB003,1,174088270,176761280,0.5
SJRB003,1,176761280,176761280,0.5
SJRB003,1,176761280,177362495,1
SJRB003,1,177362495,177362495,1
SJRB003,1,177362495,177464061,0.5
SJRB003,1,178895366,179220650,0.5
SJRB003,1,224896416,225657640,0.5
SJRB003,1,230868650,232355719,0.5
SJRB003,1,233328795,234599818,0.5
SJRB003,1,235457844,236474589,0.5
SJRB003,1,239790493,241160553,0.5
SJRB003,12,32001,40200,0.5
SJRB003,12,47001,56900,1
SJRB003,12,92197870,92280069,0.5
SJRB003,12,113844101,132349534,0.5
SJRB003,13,51995801,52006000,-1
SJRB003,13,57487141,57497792,-1
SJRB003,13,68143113,68166759,1
SJRB003,13,71741038,71744926,-1
SJRB003,13,90476901,91245500,0.5
SJRB003,13,107489201,107689800,0.5
SJRB003,17,1,22159777,1
SJRB003,18,18098401,18238500,0.5
SJRB003,2,26608928,26678069,1.5
SJRB003,2,26678069,26678069,1.5
SJRB003,2,26678069,26863319,1
SJRB003,21,15687001,46944323,1
SJRB003,3,122764346,199501827,1
SJRB003,6,1,58788100,2
SJRB003,7,105869826,105937342,0.5
SJRB003,7,125483325,125495327,1
SJRB003,9,125000789,125309251,1
SJRB003,9,136271538,136698171,-0.2
SJRB004,1,682101,6718500,-0.5
SJRB004,1,142486001,154839500,1
SJRB004,1,154839501,246842600,1.8
SJRB004,1,246902537,247190999,-0.2
SJRB004,10,46478786,46478967,-2
SJRB004,10,46478982,46487406,-1
SJRB004,10,75028401,102143800,0.5
SJRB004,15,59595658,100338915,0.5
SJRB004,16,5771192,6734247,-0.5
SJRB004,16,6734247,6734247,-0.5
SJRB004,16,69408394,69763397,1
SJRB004,2,1,79809448,2.3
SJRB004,2,145945801,242951149,0.5
SJRB004,2,230251782,230287389,-0.5
SJRB004,21,13676701,37511179,0.5
SJRB004,21,37511179,37511179,0.5
SJRB004,21,37511179,46944323,1
SJRB004,4,163414501,163437323,1
SJRB004,5,21543601,21558880,1
SJRB004,6,1,58788100,2.5
SJRB004,7,82348001,82362500,1
SJRB004,7,82368201,82409500,-0.5
SJRB004,7,147030411,147367578,-0.5
