donor,copy_number_change,chromosome,chromstart,chromend
SJTALL010,-1.0299708546917654,10,83909139,96909908
SJTALL010,-1.0700016897803704,10,97162585,97672444
SJTALL010,-1.0499996171251140,10,106106596,109277817
SJTALL010,-1.0800036771243770,13,19661380,20049548
SJTALL010,-1.0499996171251140,13,34040537,49959045
SJTALL010,-0.9899687010826844,13,50218564,50467950
SJTALL010,-1.0499996171251140,13,50501769,54684919
SJTALL010,-1.0499996171251140,3,114150469,125904630
SJTALL010,-1.0400041994289516,5,78995138,79621841
SJTALL010,0.4400318845605818,9,30910,22094378
SJTALL010,-1.80999622334803122,9,20260393,20274946
SJTALL010,0.4999513157441292,9,22096992,140211203
SJTALL014,-0.8000286176267844,11,84570944,87834635
SJTALL014,-0.7500243421279354,11,117855303,118652384
SJTALL014,-0.7500243421279354,12,11675908,12057445
SJTALL014,0.7199874596006410,19,41898,63789654
SJTALL014,0.5299344403228724,22,15257135,49535360
SJTALL015,-1.0199685176183664,4,109179519,109304271
SJTALL015,-1.0600212808946654,9,30910,38192630
SJTALL016,-1.6399922173981936,9,21632597,22540729
SJTALL017,-0.7699644605443904,13,19254941,19354259
SJTALL017,-1.7899943569650528,13,47882707,47960991
SJTALL017,-0.8799990158392740,13,83456001,83603670
SJTALL017,-0.9100212566429508,15,41424775,44011928
SJTALL017,-1.2599985514125580,15,44013427,44055830
SJTALL017,-0.9499922327621840,15,44058459,44891824
SJTALL017,-1.0000000000000000,16,52542774,52656970
SJTALL017,-1.1999844207347354,19,41814420,41853900
SJTALL017,-0.9100212566429508,8,130321637,130566399
SJTALL017,-1.0100002952819276,9,7986937,21921896
SJTALL017,-1.7100049861476474,9,21922513,24332623
SJTALL017,-1.0199685176183664,9,24338505,69267239
SJTALL019,0.9000946780360122,10,62747,135356682
SJTALL019,0.9899057345605018,13,17924937,114126487
SJTALL019,0.9600057943497682,8,21242,146268947
SJTALL019,-0.9100212566429508,9,20872387,21749762
SJTALL019,-1.6399922173981936,9,21750254,22047218
SJTALL019,-0.8799990158392740,9,22054465,22293833
SJTALL020,-1.0600212808946654,11,33901095,36615936
SJTALL020,-0.5599688695927748,4,109323229,109489110
SJTALL021,-0.9399737437280380,10,87798343,90255561
SJTALL021,1.1099685694645366,10,91947685,95113756
SJTALL021,-0.9700316538337806,16,6243152,6309137
SJTALL021,-1.7199997539598184,4,109249931,109304007
SJTALL021,-1.1400051055943686,9,2195560,21967182
SJTALL021,-1.1400051055943686,9,21855485,21938903
SJTALL021,-1.89999805259184192,9,21941372,21948554
SJTALL022,-1.2100134477295624,11,97443918,98088069
SJTALL022,-1.1099859599578540,22,30644999,30664021
SJTALL022,-0.6499620148772542,3,138696501,139005299
SJTALL022,-0.6400062701996794,5,2982067,3419557
SJTALL022,-0.7300250855713034,9,19632563,21409723
SJTALL022,-1.2799844347963874,9,21410138,22336105
SJTALL022,-0.7400207280450244,9,22337395,22462338
SJTALL022,-0.7200388690855150,9,33240956,33982617
SJTALL023,-0.8899689749908522,1,81654007,82427532
SJTALL023,-0.8799990158392740,1,95862969,96207012
SJTALL023,-1.0100002952819276,1,166426514,166580058
SJTALL023,-1.0000000000000000,1,166706077,166751306
SJTALL023,-0.9000026867217844,1,167153515,169733174
SJTALL023,-0.8099683036933244,1,169826953,169907642
SJTALL023,-0.9200234401671176,1,190199706,190470329
SJTALL023,-0.9200234401671176,1,191387912,191447909
SJTALL023,-0.9000026867217844,1,191477726,193173988
SJTALL023,-0.8000286176267844,1,193289590,193607264
SJTALL023,-0.9300080074767830,1,193903292,193990929
SJTALL023,-0.9399737437280380,1,194174466,194208902
SJTALL023,-1.0499996171251140,1,195299666,195348819
SJTALL023,-0.9000026867217844,1,195403556,195715104
SJTALL023,-0.9000026867217844,1,195752246,196987767
SJTALL023,-0.8500269910736628,1,233810615,234484165
SJTALL023,-1.1999844207347354,1,234876864,234931082
SJTALL023,-0.9700316538337806,1,234995212,235211624
SJTALL023,-0.9599881259751476,1,235545092,235566437
SJTALL023,-0.7799840577197090,1,240376669,240413069
SJTALL023,-0.9200234401671176,10,28163645,28469519
SJTALL023,-0.8899689749908522,10,32991417,33485370
SJTALL023,-0.8600267273065390,10,54242324,54846240
SJTALL023,-0.8600267273065390,10,54922393,56234136
SJTALL023,-0.8799990158392740,10,56403717,56586750
SJTALL023,-0.8199892522276864,10,56974443,57186520
SJTALL023,-1.3899920288598546,10,57187740,60002729
SJTALL023,-0.8799990158392740,10,65833888,66809004
SJTALL023,-0.8400199445905894,10,66921953,66976270
SJTALL023,-0.8500269910736628,10,66984440,67013463
SJTALL023,-0.8000286176267844,10,67063831,67138065
SJTALL023,-0.8700178366736554,10,67473527,67688971
SJTALL023,-0.4700335680319062,10,88650198,89890877
SJTALL023,-0.8000286176267844,14,31317901,31613848
SJTALL023,-0.9499922327621840,14,31704983,31958310
SJTALL023,-0.7900059107807074,14,42968146,43347087
SJTALL023,-1.5099842588091832,16,29657036,29683494
SJTALL023,1.5499531869561690,2,2772,36107484
SJTALL023,-1.0100002952819276,6,169650861,169817951
SJTALL023,-0.8500269910736628,9,3629098,4290869
SJTALL023,-0.8899689749908522,9,4328987,6833305
SJTALL023,-0.8000286176267844,9,6992389,7313130
SJTALL023,-0.8600267273065390,9,10113743,11391306
SJTALL023,-0.7699644605443904,9,11519983,11665223
SJTALL023,-0.7799840577197090,9,17032544,17890095
SJTALL023,-0.9399737437280380,9,19042708,19374930
SJTALL023,-1.6199924466960624,9,19376565,24165234
SJTALL023,-0.8700178366736554,9,24166212,26752628
SJTALL023,-0.9000026867217844,9,76564976,77096463
SJTALL023,-0.9000026867217844,9,77874717,77944260
SJTALL023,-0.8199892522276864,9,80874144,81001321
SJTALL023,-0.8799990158392740,9,104162372,104556591
SJTALL023,-0.8500269910736628,9,104695381,106543190
SJTALL023,-0.9700316538337806,9,107638406,107954850
SJTALL023,-0.9200234401671176,9,108433778,108482897
SJTALL023,-0.9000026867217844,9,108535189,108716714
SJTALL023,-0.8799990158392740,9,108788627,109874345
SJTALL023,-0.9399737437280380,9,109942117,110915284
SJTALL024,-0.9499922327621840,1,47465964,47549395
SJTALL024,-0.5300164607259158,1,106497982,106543712
SJTALL024,-0.9799781900576386,6,77859536,102499364
SJTALL024,-1.0600212808946654,9,21797994,21809465
SJTALL024,-1.7000071544066962,9,21818110,21983964
SJTALL024,-0.9000026867217844,9,21986984,21994936
SJTALL025,-0.5799910723863440,1,47475758,47547836
SJTALL025,-0.5100127349476118,10,89611041,89940996
SJTALL025,-0.6099854350291046,9,19721896,22589367
SJTALL026,-1.0199685176183664,6,77090448,109415645
SJTALL026,-1.0000000000000000,9,21890112,22445892
SJTALL027,-1.0100002952819276,1,47471290,47549395
SJTALL027,-1.6100124427250806,10,89616422,89676489
SJTALL027,-0.9300080074767830,10,89683508,89786166
SJTALL027,-1.0199685176183664,6,143230439,143320868
SJTALL027,-1.7500000000000000,9,21823529,21981923
SJTALL028,0.4400318845605818,1,142740501,185345755
SJTALL028,0.4199881784385852,1,187325045,203529927
SJTALL028,-1.7999961051836838,13,47882707,47973017
SJTALL028,-1.0600212808946654,13,47973114,48062196
SJTALL028,-1.0900242528175080,6,79845731,80305045
SJTALL028,-1.1299923450459802,6,88348367,88466724
SJTALL028,1.0299626292656348,6,135496185,135762978
SJTALL028,1.2299235102504334,8,130157787,130334393
SJTALL028,-1.0499996171251140,9,21330373,21890112
SJTALL028,-1.7300058600417794,9,21892164,22021005
SJTALL028,-1.0400041994289516,9,22023169,22436297
SJTALL029,-0.9000026867217844,1,2224111,7303728
SJTALL029,-0.9300080074767830,1,23006567,26966244
SJTALL029,-1.0400041994289516,13,46525457,77081088
SJTALL029,-0.9499922327621840,3,147806659,148210172
SJTALL029,-1.0100002952819276,4,152892779,155575254
SJTALL029,-1.0000000000000000,5,115966327,122067207
SJTALL029,-1.0299708546917654,5,133499116,133915679
SJTALL029,-1.1400051055943686,6,42645512,42728753
SJTALL029,-0.5499526609819940,6,75590220,110947952
SJTALL029,-1.0199685176183664,7,57491676,57506042
SJTALL030,-0.8300069175025698,4,109254238,109270399
SJTALL030,-1.7799962530568734,4,109274088,109304007
SJTALL031,-0.9399737437280380,8,151222,33617193
SJTALL031,1.1099685694645366,8,51075845,146268947
SJTALL031,0.7900674505987440,9,30910,21926227
SJTALL031,-1.5200020997144758,9,21934275,21958712
SJTALL031,1.1099685694645366,9,21966858,140211203
SJTALL032,-0.9599881259751476,1,47466568,47547836
SJTALL032,-1.0199685176183664,15,97243147,97376717
SJTALL032,-1.0299708546917654,3,143239279,143341426
SJTALL032,-0.3199548557204230,4,2269,30278670
SJTALL032,-0.9499922327621840,4,109264192,109304007
SJTALL032,0.4899210529587958,6,94649,48473996
SJTALL032,0.3199601108188210,6,48489229,87467823
SJTALL032,-1.7000071544066962,9,21796564,21999960
SJTALL033,-0.8199892522276864,7,143061509,143178193
SJTALL033,-1.5799887139301058,9,21645792,22065326
SJTALL033,-1.6500065082515842,9,22071850,23004273
SJTALL033,-1.5700025527971844,9,23007802,23353103
SJTALL033,-1.5499990351032440,9,23368488,23408572
SJTALL034,-0.8799990158392740,10,89616422,89647130
SJTALL034,-0.8799990158392740,10,89647878,89692609
SJTALL034,-1.6100124427250806,10,89696592,89710101
SJTALL034,-1.0199685176183664,10,89713841,89921163
SJTALL034,1.2299235102504334,8,130106563,130290949
SJTALL034,-1.7100049861476474,9,21787135,21983964
SJTALL035,-0.8600267273065390,1,47471290,47547836
SJTALL035,-1.4200099722952948,4,109238690,109323229
SJTALL035,-0.7200388690855150,8,60191407,60915552
SJTALL035,-1.4099946261138432,9,21871951,21989228
SJTALL036,-0.6199696456869812,1,199626320,200563404
SJTALL036,-1.0400041994289516,11,33896671,36648465
SJTALL036,-0.5700150136383094,12,12014731,13464766
SJTALL036,-0.6499620148772542,3,147754060,147847114
SJTALL036,-0.5100127349476118,4,147851442,149086038
SJTALL036,-0.6000260330063368,4,152662210,153828687
SJTALL036,-0.6499620148772542,9,20615228,21310814
SJTALL036,-1.3300153256260930,9,21313089,22249611
SJTALL036,-0.6299771076974380,9,22256091,40085483
SJTALL037,-1.1400051055943686,1,47480022,47539530
SJTALL037,-1.6399922173981936,10,55517954,55518928
SJTALL037,-1.7199997539598184,10,89664137,89676489
SJTALL037,3.8098463100307538,15,21855620,21855810
SJTALL037,4.3700292628643868,2,142283298,142283881
SJTALL037,5.8800238707140254,2,160692639,160695853
SJTALL037,7.0800484778402294,2,167249434,167251740
SJTALL037,5.5000488898651492,6,63030351,63040044
SJTALL037,-1.84000485863568938,9,21717208,22021005
SJTALL038,-1.1599774278602114,11,33967408,36615450
SJTALL038,1.7500244449325746,6,135397909,135524259
SJTALL038,3.7801222253514166,6,135529195,135716084
SJTALL038,1.2100594140168902,6,135734364,135869165
SJTALL038,1.3900346043741044,8,180568,146264218
SJTALL038,-1.86999851574689346,9,19560458,22601155
SJTALL040,-1.0199685176183664,1,47466754,47549395
SJTALL040,-1.0000000000000000,6,67408995,113090825
SJTALL040,-1.0999980702064880,9,21908568,21938903
SJTALL040,-1.7000071544066962,9,21939749,21981752
SJTALL040,-1.0700016897803704,9,21981923,22009732
SJTALL041,-1.0199685176183664,11,30810910,32804047
SJTALL041,-1.1899965263679542,13,74956311,74988392
SJTALL041,-1.0600212808946654,4,153204836,153487418
SJTALL041,-1.1500204714454808,7,50381206,50424682
SJTALL041,-0.9599881259751476,9,20509521,21935605
SJTALL041,-1.7899943569650528,9,21937957,22351624
SJTALL041,-1.0299708546917654,9,22351811,23368488
SJTALL042,-0.8799990158392740,10,89683508,90087219
SJTALL042,-1.0199685176183664,11,33864374,33899723
SJTALL042,-0.9899687010826844,15,29402961,36691357
SJTALL042,-0.9599881259751476,15,91159982,91224094
SJTALL042,-0.9499922327621840,15,91242935,91300389
SJTALL042,-1.7300058600417794,9,20181507,22166961
SJTALL048,-1.2499805053570910,1,47471290,47541330
SJTALL048,-1.1400051055943686,14,80504952,98483425
SJTALL048,-1.1999844207347354,4,42443702,42446582
SJTALL050,1.6000077191740484,14,98013123,98146792
SJTALL050,-1.2399848933921248,16,65781276,66144782
SJTALL050,-0.6899698639770180,18,58944635,59061198
SJTALL050,-1.1599774278602114,19,3611619,4935588
SJTALL050,-0.9399737437280380,2,18784872,19480804
SJTALL050,-1.0000000000000000,5,133438091,133462813
SJTALL050,-1.1500204714454808,7,148191991,149760659
SJTALL050,-0.9799781900576386,9,8861342,9979624
SJTALL050,-1.0900242528175080,9,20348442,21859079
SJTALL050,-1.88000052492861894,9,21880326,22880200
SJTALL050,-1.1199850122274936,9,22897635,23285433
SJTALL050,-1.1400051055943686,9,132508277,132634965
SJTALL050,0.8800622608144506,9,132635826,133053744
SJTALL050,-1.2200248854501614,9,133105930,134019212
SJTALL066,1.7099506598944388,12,12705855,12858531
SJTALL066,-1.0000000000000000,4,109199454,109303722
SJTALL066,-1.2399848933921248,9,21818110,21981752
SJTALL067,-0.7200388690855150,17,6888,18857962
SJTALL067,0.9299986501535396,17,19109505,78605474
SJTALL067,-1.0800036771243770,20,17408,17641261
SJTALL067,-1.0700016897803704,4,109241901,109303722
SJTALL067,-1.0600212808946654,9,30910,21797994
SJTALL067,-1.85000357720334806,9,21801533,22809576
SJTALL067,-1.1099859599578540,9,22812423,30085436
SJTALL067,-1.4300133636532696,9,31424342,31443587
SJTALL067,-1.0199685176183664,9,31625015,31752133
SJTALL067,-1.0400041994289516,9,34355357,43454601
SJTALL068,-1.1099859599578540,11,33874042,34028587
SJTALL068,-1.1299923450459802,6,73147258,115752678
SJTALL068,-1.1199850122274936,9,21306649,21920147
SJTALL068,-1.85999987697990924,9,21935605,23637858
SJTALL068,-1.1400051055943686,9,23645352,24010817
SJTALL070,-1.0499996171251140,11,32325033,32680449
SJTALL070,-1.0800036771243770,16,26671,12292527
SJTALL070,-1.0400041994289516,9,130465585,133053744
SJTALL071,-1.0900242528175080,1,4101675,28931949
SJTALL071,1.2900283143315238,1,28952753,81874094
SJTALL071,-1.0999980702064880,11,75978964,99766624
SJTALL071,-1.0999980702064880,16,26671,8132309
SJTALL071,-1.1099859599578540,2,205265992,242663303
SJTALL071,-1.0400041994289516,4,145906597,148240680
SJTALL071,-1.0400041994289516,4,149303562,154337975
SJTALL071,-1.0999980702064880,5,122508801,180629495
SJTALL071,1.2499105270496998,6,102072,57459505
SJTALL071,-1.1199850122274936,7,106180939,117880313
SJTALL071,1.2499105270496998,7,127645284,128118328
SJTALL071,3.1099175037840224,7,128118566,128934721
SJTALL071,1.7099506598944388,7,128950362,131023697
SJTALL071,-1.0100002952819276,7,141937802,156716799
SJTALL071,-1.84000485863568938,7,156721341,158798338
SJTALL071,2.8098769955927104,8,124640762,146264218
SJTALL075,-1.1099859599578540,12,9779283,9792072
SJTALL075,-1.85999987697990924,12,9801264,12814797
SJTALL075,-1.1199850122274936,12,12858394,24187127
SJTALL075,-1.0800036771243770,17,26020807,27353179
SJTALL077,-1.2300161988237626,1,47480022,47541330
SJTALL077,-1.0700016897803704,4,109195361,109333363
SJTALL077,-1.1299923450459802,9,21425972,21948524
SJTALL077,-1.89999805259184192,9,21966858,21970458
SJTALL077,-1.1299923450459802,9,21976218,22366805
SJTALL077,-1.0900242528175080,9,22685593,23451103
SJTALL077,-1.1500204714454808,9,23902009,25232181
SJTALL077,-1.88000052492861894,9,25251110,25305324
SJTALL077,-1.0800036771243770,9,25316440,25342691
SJTALL077,-1.1899965263679542,9,29918566,31612084
SJTALL077,-1.1299923450459802,9,31752133,43454601
SJTALL078,-1.1400051055943686,12,61880,14500349
SJTALL078,-1.2599985514125580,22,20783684,20850067
SJTALL078,-1.83000078377495994,9,21944953,21995330
SJTALL079,-1.0800036771243770,11,33871577,33924213
SJTALL079,-1.0199685176183664,3,189077906,189113772
SJTALL079,-1.7399970314937870,9,21966858,21989228
SJTALL079,-1.3600194345427576,9,21989603,21994819
SJTALL079,-1.80999622334803122,9,21994834,21995382
SJTALL080,-1.0000000000000000,11,83707396,85787609
SJTALL080,-1.0299708546917654,11,107113652,109907604
SJTALL080,-0.8500269910736628,14,20640113,20805432
SJTALL080,-1.1799976212343384,14,44251898,44293451
SJTALL080,-1.1099859599578540,6,170644649,170684006
SJTALL080,-1.0100002952819276,7,12097356,13858966
SJTALL080,-1.0900242528175080,8,93908877,93973168
SJTALL080,-0.8600267273065390,9,9788243,9812041
SJTALL080,-0.9899687010826844,9,21582386,21855485
SJTALL080,-1.7500000000000000,9,21858896,22283804
SJTALL080,-1.0000000000000000,9,22290326,22508111
SJTALL081,-1.0299708546917654,11,9430334,10650651
SJTALL081,-1.0700016897803704,11,18506349,19531739
SJTALL081,-0.8899689749908522,11,83259589,85344652
SJTALL081,-1.6399922173981936,11,85344736,85388147
SJTALL081,-0.8700178366736554,11,85391809,117747435
SJTALL081,-1.0299708546917654,12,118473258,118475119
SJTALL081,-1.0100002952819276,14,89404149,93037099
SJTALL081,-0.9300080074767830,16,66115574,66712363
SJTALL081,-1.0499996171251140,20,14985034,15092763
SJTALL081,-1.0299708546917654,4,178065111,179154158
SJTALL081,-0.9499922327621840,5,119692670,119739557
SJTALL081,-1.1999844207347354,5,140885213,140921682
SJTALL081,-0.9000026867217844,6,87334499,112109412
SJTALL081,-1.0199685176183664,8,113893222,117586996
SJTALL081,-0.9499922327621840,9,3618337,5055942
SJTALL081,-1.0299708546917654,9,20407953,21647062
SJTALL081,-1.7700009192810942,9,21649769,22659166
SJTALL081,-1.0100002952819276,9,22659396,33225186
SJTALL161,-1.1599774278602114,14,21821935,21970760
SJTALL161,-1.1500204714454808,17,24721662,27460756
SJTALL162,1.0000779785716362,10,101955,135284541
SJTALL162,-1.0800036771243770,12,9122905,18066040
SJTALL162,-1.0700016897803704,13,30823633,54710213
SJTALL162,0.8299959727125572,16,26671,2819280
SJTALL162,-1.1199850122274936,16,80935282,88690776
SJTALL162,-1.0400041994289516,17,6888,21374372
SJTALL162,1.3200385655331634,18,150887,11995933
SJTALL162,1.2400138945281836,19,8413177,10501380
SJTALL162,-1.0800036771243770,19,10506495,12502060
SJTALL162,1.1300810182368410,19,12518648,17985184
SJTALL162,-1.0199685176183664,19,20286079,43177305
SJTALL162,-1.0900242528175080,5,133438091,180629495
SJTALL162,-0.9499922327621840,9,95864979,107709140
SJTALL164,-0.7699644605443904,10,112056685,112722794
SJTALL164,-0.7699644605443904,12,10966182,13986181
SJTALL164,1.0100761807332052,14,62844790,62935678
SJTALL164,-0.7600344832871176,17,514,15405069
SJTALL164,-1.4799940629875738,17,15412940,16516952
SJTALL164,-0.7500243421279354,17,16517769,22159777
SJTALL164,-0.7500243421279354,17,26130878,28172957
SJTALL164,-0.7900059107807074,9,30910,26650300
SJTALL165,-0.8700178366736554,10,70401526,71943888
SJTALL165,-0.7200388690855150,12,56370355,93492396
SJTALL165,-0.9200234401671176,12,109984146,110296301
SJTALL165,-1.85000357720334806,12,110297474,110318610
SJTALL165,-0.9599881259751476,12,110320948,111171634
SJTALL165,-0.9300080074767830,13,49492402,81513010
SJTALL165,-0.9499922327621840,16,65900995,66216072
SJTALL165,-1.5400018385621886,17,7518132,7524456
SJTALL165,-0.8799990158392740,17,7524766,7663090
SJTALL165,-0.4900508136407630,18,1543,76116029
SJTALL165,-0.9399737437280380,2,230868765,231080280
SJTALL165,-0.9200234401671176,20,14921777,14964254
SJTALL165,-0.4600323976475252,22,35876667,35967599
SJTALL165,-0.7400207280450244,4,100823176,105383892
SJTALL165,-0.7400207280450244,5,61359598,97845830
SJTALL165,-0.2899956442160544,5,108064764,113889298
SJTALL165,-0.2800102111887374,6,94649,17209812
SJTALL165,-0.7500243421279354,7,39160264,50603551
SJTALL165,-0.9000026867217844,7,71844359,71903697
SJTALL165,-0.9599881259751476,7,147187586,148551708
SJTALL165,0.9700763129171116,8,101631413,101755308
SJTALL165,-0.2699664690276418,9,30910,111797405
SJTALL165,-0.5700150136383094,X,2700401,5829269
SJTALL165,-0.5499526609819940,X,26044007,27623803
SJTALL166,-0.9499922327621840,1,26940254,27865029
SJTALL166,-0.8799990158392740,11,127851568,127852489
SJTALL166,-1.3700103640225122,13,28652613,75981603
SJTALL166,-0.9799781900576386,16,66197966,68147797
SJTALL166,1.6000077191740484,5,170610566,170664182
SJTALL166,-1.0000000000000000,5,170691947,180722914
SJTALL166,-0.9499922327621840,6,96774664,96810636
SJTALL166,-0.7300250855713034,6,169254544,169258505
SJTALL166,-1.0199685176183664,7,141708086,142194066
SJTALL166,1.2600633514067366,7,142209792,158819753
SJTALL166,1.0699177434697994,8,38389768,38409654
SJTALL166,-1.0700016897803704,9,8422349,8785581
SJTALL166,-1.0700016897803704,9,19718716,20372273
SJTALL166,-1.83000078377495994,9,20376290,21508941
SJTALL166,-1.85000357720334806,9,21509076,23221696
SJTALL167,-0.8400199445905894,11,31389403,33351120
SJTALL167,-0.8600267273065390,9,130497893,133019020
SJTALL168,-0.9700316538337806,13,27272286,27687708
SJTALL168,-0.4299614313016002,2,231996521,242738117
SJTALL168,1.1501051798193442,4,2269,191195125
SJTALL169,-0.6000260330063368,11,80912040,85769180
SJTALL170,-0.9300080074767830,2,213658294,213778332
SJTALL171,4.2801542747935992,13,17962886,18380724
SJTALL171,6.4198819132828488,13,18380797,21381196
SJTALL171,6.1998641028341254,13,21396737,22078330
SJTALL171,23.379645274701936,13,22082368,22098759
SJTALL171,6.6902639693756178,13,22099062,22366785
SJTALL171,4.6198567580025968,13,22371210,38614045
SJTALL171,-0.8500269910736628,13,38614790,114126487
SJTALL172,-0.4200268954591248,1,91571487,91649062
SJTALL172,0.6799386974956278,11,95619340,95637077
SJTALL172,0.5199585439099510,14,21448972,22041431
SJTALL173,-0.7699644605443904,17,26100473,27437758
SJTALL173,0.7499397306448818,17,44141684,44263227
SJTALL173,-0.8099683036933244,9,91964353,123082765
SJTALL174,-0.9499922327621840,1,91686581,101385843
SJTALL174,1.0299626292656348,11,117798423,117860605
SJTALL174,-0.4400497709003228,3,75613772,75963951
SJTALL174,-0.9000026867217844,6,113268197,113277901
SJTALL174,-0.9899687010826844,6,167901317,167977154
SJTALL175,-0.8300069175025698,11,1592182,4321275
SJTALL175,-1.0600212808946654,12,11731744,11834905
SJTALL175,-0.8400199445905894,2,43022799,43302118
SJTALL175,-1.0700016897803704,3,115426997,117174106
SJTALL175,-1.0299708546917654,3,130591625,132433837
SJTALL175,-1.0700016897803704,3,146551581,150558049
SJTALL175,-1.0700016897803704,3,172678596,181116223
SJTALL175,-0.9700316538337806,3,198832973,199380370
SJTALL175,1.0198983727184740,5,32784394,44712918
SJTALL175,0.4799310334257648,6,135346775,135823251
SJTALL175,1.2100594140168902,7,138445,50004897
SJTALL175,-1.0600212808946654,7,50006191,50826829
SJTALL175,-1.86999851574689346,7,156592181,156876715
SJTALL175,-1.0199685176183664,7,156890071,158819753
SJTALL175,-1.0400041994289516,9,30910,1249530
SJTALL175,-1.0999980702064880,9,2941759,3111193
SJTALL175,-1.0800036771243770,9,7824442,8031868
SJTALL175,-1.0700016897803704,9,10806593,18629787
SJTALL175,-1.0800036771243770,9,19438473,21188021
SJTALL175,-1.83000078377495994,9,21191171,22634110
SJTALL175,-1.0999980702064880,9,22634274,25342691
SJTALL175,-1.0600212808946654,9,25343053,36516932
SJTALL175,-1.7199997539598184,9,36518276,37574981
SJTALL175,-1.0900242528175080,9,38339182,69232096
SJTALL175,-1.0800036771243770,9,80226533,85190880
SJTALL175,-1.0400041994289516,9,89570650,93778448
SJTALL175,-1.0000000000000000,9,113209637,113354707
SJTALL175,-1.0700016897803704,9,114859691,119699846
SJTALL176,1.3600902885591542,11,188510,134449982
SJTALL177,-0.8899689749908522,5,66479734,66710991
SJTALL177,-0.8700178366736554,5,66766199,66787831
SJTALL177,-0.9300080074767830,5,67281259,67651284
SJTALL177,-0.9700316538337806,5,79425859,79513811
SJTALL177,-0.9300080074767830,5,81120859,81303168
SJTALL177,-0.9000026867217844,5,156654022,156699286
SJTALL177,-1.0199685176183664,5,158346243,158385385
SJTALL177,-0.9300080074767830,5,158687708,159378407
SJTALL177,-0.9100212566429508,5,169025988,169422519
SJTALL177,-0.9200234401671176,5,170679897,171794807
SJTALL177,-0.9200234401671176,5,176465729,176859335
SJTALL177,-0.9300080074767830,6,21729829,22002427
SJTALL177,-1.6900086208217794,6,22002463,22046563
SJTALL177,-0.9300080074767830,6,22050553,22153623
SJTALL177,-0.8899689749908522,6,22172618,23528259
SJTALL177,1.1000682978967286,8,130583793,130742891
SJTALL177,-1.5700025527971844,9,21855485,22027357
SJTALL178,-0.7000104735710264,1,5088814,6749175
SJTALL178,1.4100667986653720,14,97895980,97963335
SJTALL178,-0.9399737437280380,14,105952385,106239031
SJTALL178,-1.0199685176183664,15,39588373,40095191
SJTALL178,-0.9499922327621840,17,26003133,27410650
SJTALL178,-0.9599881259751476,4,58452254,58980001
SJTALL178,1.0100761807332052,5,170610566,170668649
SJTALL178,1.9698926611972836,X,25156235,25731529
SJTALL178,-1.5400018385621886,X,84333767,84686950
SJTALL178,-1.5099842588091832,X,133231317,133412118
SJTALL179,0.8599699727233814,22,30073711,30265627
SJTALL179,-0.8099683036933244,4,153127031,153623026
SJTALL179,-0.8600267273065390,9,19485075,21896972
SJTALL179,-1.7199997539598184,9,21897774,22059144
SJTALL179,-0.8199892522276864,9,22061258,22538695
SJTALL180,-0.7699644605443904,1,51586,30504955
SJTALL180,1.7900056523268042,1,30506623,75673725
SJTALL180,0.3299516223853198,15,18276329,100286551
SJTALL180,-0.7300250855713034,17,514,24099876
SJTALL180,0.7800291299417908,17,24101416,26003730
SJTALL180,-0.6299771076974380,17,26020807,27686945
SJTALL180,0.5800517443903742,17,27687110,68875029
SJTALL180,-0.7799840577197090,17,68880877,72780206
SJTALL180,0.5900859977088502,17,72787058,78643088
SJTALL180,0.3700212588342706,3,35333,199380503
SJTALL180,-0.6899698639770180,9,130510709,133020383
SJTALL181,-0.9899687010826844,1,557616,28041989
SJTALL181,-0.9899687010826844,12,11655990,25453318
SJTALL181,1.9000699506133338,12,128440729,128445232
SJTALL181,25.909802300969286,13,85143577,85354613
SJTALL181,20.109584376139994,13,90760534,91150452
SJTALL181,19.409808700566582,13,92784210,93046135
SJTALL181,20.539756111689584,13,94928073,95852890
SJTALL181,19.500525255261694,13,101131903,101893155
SJTALL181,18.970654733432488,13,107389392,107921811
SJTALL181,17.9594491506247320,13,108329517,109283159
SJTALL181,18.360484680417722,13,109291633,109316770
SJTALL181,13.8005185366805404,13,110001273,110282256
SJTALL181,15.3998142536781274,13,112101471,112701847
SJTALL181,15.9100815344623574,13,112896071,113073425
SJTALL181,0.9399670785481684,17,70537402,78643088
SJTALL181,-0.3999688414694706,2,168201416,242738117
SJTALL181,-1.0299708546917654,5,104212317,180722914
SJTALL181,1.1099685694645366,6,102438653,170892918
SJTALL181,-0.9899687010826844,7,141068351,158819753
SJTALL181,0.9799745301047764,8,77787358,146268947
SJTALL181,1.1799410037958966,Y,57410838,57728335
SJTALL182,-1.5200020997144758,13,47882707,47970566
SJTALL182,-0.4299614313016002,2,94871443,94896989
SJTALL182,-0.9300080074767830,7,38337317,38370900
SJTALL182,-0.6899698639770180,7,71948416,71989491
SJTALL182,-1.6700086758446792,9,2598442,4218784
SJTALL182,-1.6399922173981936,9,21670869,22225521
SJTALL183,-0.3599952424686768,12,9326769,11945769
SJTALL184,-0.8300069175025698,1,26346998,26476287
SJTALL185,-0.9899687010826844,2,76698877,76701627
SJTALL186,1.1000682978967286,1,198575054,247190999
SJTALL186,-0.7799840577197090,11,188510,5981873
SJTALL186,1.5699404279015288,11,5984667,7092750
SJTALL186,0.4699810956817334,11,7093208,26749628
SJTALL186,1.5300778497830644,11,26753286,36764847
SJTALL186,2.7298682565555910,11,36765584,57809764
SJTALL186,-0.8400199445905894,11,57810763,134449982
SJTALL186,-0.9100212566429508,12,87917300,93541188
SJTALL186,-0.8500269910736628,12,110462527,110484403
SJTALL186,-0.7900059107807074,14,21808547,21992078
SJTALL186,-0.8799990158392740,15,20224751,42657276
SJTALL186,-0.7799840577197090,15,62927245,63028788
SJTALL186,-0.8199892522276864,16,765,3830270
SJTALL186,-0.8600267273065390,16,34054840,34217092
SJTALL186,-0.8799990158392740,16,45021271,88815024
SJTALL186,1.1000682978967286,17,2650235,3515156
SJTALL186,-0.8199892522276864,20,59875066,62426585
SJTALL186,0.5999790528579472,21,13302578,46921373
SJTALL186,-0.8899689749908522,5,68520,30821418
SJTALL186,2.6699270064912052,5,30828283,31555991
SJTALL186,5.1602005674237794,5,31556439,38213318
SJTALL186,2.0099937831070478,5,38213981,49477703
SJTALL186,1.5001093614788964,5,49483051,50400796
SJTALL186,-0.9300080074767830,5,50407274,180722914
SJTALL186,-0.7000104735710264,7,38323146,38357878
SJTALL186,-0.8600267273065390,7,141843639,142203700
SJTALL186,-0.9300080074767830,X,130989068,133991672
SJTALL187,0.6899884904658878,13,66677242,114126487
SJTALL187,0.7800291299417908,14,21503706,22036799
SJTALL187,-0.7500243421279354,22,48457023,49581309
SJTALL187,0.7199874596006410,4,113799856,191261892
SJTALL187,-0.9000026867217844,5,127048464,180722914
SJTALL187,0.9799745301047764,7,38277236,38344658
SJTALL187,-0.6400062701996794,9,139539171,140211203
SJTALL188,1.1300810182368410,12,61303,132288250
SJTALL188,1.1501051798193442,19,41898,18117906
SJTALL188,-1.0199685176183664,2,17101259,54668193
SJTALL188,-1.0000000000000000,21,18124072,18154914
SJTALL188,1.2299235102504334,21,18157128,25037875
SJTALL188,-1.0299708546917654,21,25037975,46921373
SJTALL189,-0.9499922327621840,1,1880134,6776428
SJTALL189,-0.9700316538337806,1,23615883,24983627
SJTALL189,-0.8799990158392740,10,54171338,54315443
SJTALL189,-0.8099683036933244,10,97797884,98317414
SJTALL189,-0.8000286176267844,12,6937317,18470092
SJTALL189,-0.8099683036933244,13,46983527,53978782
SJTALL189,-1.0900242528175080,14,21634913,21970760
SJTALL189,-0.7699644605443904,5,140026400,140599133
SJTALL189,-0.8700178366736554,8,79933435,82107500
SJTALL189,-1.7600010498572378,9,20086454,22392062
SJTALL190,-1.0499996171251140,7,49929285,50460080
SJTALL190,-0.3799930527359082,7,76017638,76145995
SJTALL190,-1.0400041994289516,7,78738111,79450456
SJTALL190,-1.0199685176183664,9,19534056,21836285
SJTALL190,-1.6900086208217794,9,21836327,22297864
SJTALL190,-1.0299708546917654,9,22311166,22664270
SJTALL191,-0.5899952722430558,10,89632982,89688541
SJTALL191,-0.3599952424686768,6,76794133,128017811
SJTALL192,1.0198983727184740,17,56465628,78643088
SJTALL192,-0.8899689749908522,2,61072872,61448747
SJTALL192,-1.4899890950288192,3,29503768,29583362
SJTALL192,-1.7399970314937870,3,47059391,47137822
SJTALL192,-0.9300080074767830,8,152660,585863
SJTALL192,-0.9100212566429508,8,591043,10236958
SJTALL193,-0.3199548557204230,12,9628180,21589093
SJTALL193,-0.3399807172334184,5,107376991,180722914
SJTALL193,-0.3399807172334184,7,52899,27089090
SJTALL194,1.1700377046887342,18,60260938,60424401
SJTALL194,-1.1799976212343384,18,67579919,67592154
SJTALL194,-1.0999980702064880,20,14850184,14857286
SJTALL194,-0.9599881259751476,5,94012556,180722914
SJTALL194,1.0899853539591228,6,98188656,153975599
SJTALL194,-1.0100002952819276,7,110666487,111013090
SJTALL194,1.3099283790012984,8,112238355,146268947
SJTALL194,1.1000682978967286,X,47763968,47873109
SJTALL194,2.3999892531128620,X,101722382,101726052
SJTALL194,1.4399795776225254,X,140157761,140386643
SJTALL195,-1.1500204714454808,1,190095680,190163376
SJTALL195,-1.0199685176183664,11,117873246,134449982
SJTALL195,-1.1599774278602114,18,56267422,56272199
SJTALL195,-0.9700316538337806,4,55276985,55277220
SJTALL195,1.3000777160539396,6,167977103,170892918
SJTALL196,-0.9200234401671176,10,89683526,89796274
SJTALL196,-1.7100049861476474,9,20433335,26027974
SJTALL197,-1.0000000000000000,13,69874777,70210427
SJTALL197,-0.9799781900576386,14,62836727,65774207
SJTALL197,-0.9499922327621840,16,2909686,3986042
SJTALL197,-1.0199685176183664,17,26100473,27294591
SJTALL197,-0.9899687010826844,5,104710288,117446388
SJTALL197,-1.0199685176183664,5,126943231,133548985
SJTALL197,-1.0199685176183664,5,134135908,138033642
SJTALL197,-1.0000000000000000,5,141773925,148716971
SJTALL197,-1.0199685176183664,5,152503727,156709163
SJTALL197,-1.0100002952819276,5,165272652,167521288
SJTALL197,-1.0199685176183664,5,168226470,168819515
SJTALL197,-1.0000000000000000,5,168852849,180553237
SJTALL198,-0.8000286176267844,1,42000176,42250365
SJTALL198,-0.8899689749908522,11,2818289,2883134
SJTALL198,-1.0000000000000000,12,31643,26633001
SJTALL198,-0.9100212566429508,15,39765683,39836652
SJTALL198,-1.0499996171251140,3,71194928,71288970
SJTALL198,-0.8799990158392740,6,52731467,52773486
SJTALL198,1.2100594140168902,6,135533822,135757663
SJTALL198,-1.1500204714454808,6,162665558,162730353
SJTALL198,1.2100594140168902,7,156838892,156978634
SJTALL198,1.6500089460643176,Y,3499401,3887532
SJTALL198,1.9698926611972836,Y,5339844,5640798
SJTALL198,2.2198742265095782,Y,12929907,13359735
SJTALL198,1.6100029098497200,Y,22479560,22840787
SJTALL198,1.1599462090817502,Y,22934736,23280319
SJTALL199,-1.0700016897803704,1,107457113,107465006
SJTALL199,1.3600902885591542,10,135084170,135221344
SJTALL199,-0.4799697867842498,11,3378799,3445117
SJTALL199,-1.2499805053570910,12,11112094,11143129
SJTALL199,-0.5399679893454784,17,20196020,20336467
SJTALL199,-1.0600212808946654,18,67111845,67138559
SJTALL199,-1.0600212808946654,19,6908877,6964938
SJTALL199,1.6399029887299676,2,227363,253270
SJTALL199,-0.6800347033787168,20,26253567,28111920
SJTALL199,-0.6099854350291046,21,9975283,10061441
SJTALL199,0.8500752282975684,21,15257860,46921373
SJTALL199,1.0198983727184740,5,74951,46287063
SJTALL199,1.4299796097184996,5,120562955,120588802
SJTALL199,1.3698864969520600,5,120694804,120711228
SJTALL199,-1.1599774278602114,9,7999193,8007065
SJTALL199,-1.0900242528175080,9,11982181,12122967
SJTALL200,-0.2599846900919606,1,51586,826564
SJTALL200,2.6200228915314218,19,40477155,40490508
SJTALL200,-0.6299771076974380,4,2269,65174
SJTALL200,-1.4000143088133922,9,21871951,22001644
SJTALL201,-0.8199892522276864,1,5607027,6246540
SJTALL201,-0.8199892522276864,1,86171605,109579760
SJTALL201,-0.7099741278048128,1,111461520,111568286
SJTALL201,-0.8300069175025698,1,208886471,209256269
SJTALL201,-0.8300069175025698,1,231602799,231988458
SJTALL201,-0.7600344832871176,1,232109492,234191221
SJTALL201,-0.2899956442160544,10,4405295,4493065
SJTALL201,-0.3300556806299312,10,38599715,42151209
SJTALL201,-0.9799781900576386,11,84960133,85920781
SJTALL201,-1.0199685176183664,11,91569254,92106466
SJTALL201,-0.9799781900576386,11,95112162,117168119
SJTALL201,0.5900859977088502,12,101498898,101515117
SJTALL201,-0.9799781900576386,13,34641091,84662197
SJTALL201,-0.8400199445905894,13,113005063,113855878
SJTALL201,-0.9300080074767830,14,97168237,97825286
SJTALL201,0.9000946780360122,15,54180610,54979339
SJTALL201,-0.7900059107807074,16,196279,2976552
SJTALL201,-0.8899689749908522,16,64929257,67228880
SJTALL201,-0.8500269910736628,17,39202108,39773022
SJTALL201,-0.2699664690276418,19,24014250,33033032
SJTALL201,-0.3000409428909616,21,9758730,10091208
SJTALL201,-0.6400062701996794,21,10091299,13396158
SJTALL201,-0.9899687010826844,4,17502015,18334356
SJTALL201,-0.9399737437280380,5,30752253,30835278
SJTALL201,-1.0299708546917654,6,57661642,58190898
SJTALL201,-1.0100002952819276,6,58885344,78962934
SJTALL201,-1.6800097172713788,6,78963231,79568350
SJTALL201,-1.0199685176183664,6,79575197,99784089
SJTALL201,-0.9700316538337806,6,156274698,158251320
SJTALL201,-0.9399737437280380,7,148482146,148959489
SJTALL201,-1.0000000000000000,8,128854430,130043495
SJTALL201,-0.8400199445905894,9,2894116,5073005
SJTALL201,-0.9799781900576386,9,9627189,10497771
SJTALL201,-1.5599925061137468,X,133038518,133869220
SJTALL202,-0.9300080074767830,13,67858955,67892066
SJTALL202,-0.8400199445905894,6,95597228,95676359
SJTALL202,2.1698630433644856,X,145230965,151256553
SJTALL203,-0.6600306512521860,1,4407623,8447977
SJTALL203,-0.6600306512521860,1,114423161,115228741
SJTALL203,-0.5499526609819940,13,68759966,68911800
SJTALL203,-0.8899689749908522,14,27287281,27309592
SJTALL203,-0.5899952722430558,3,145742111,146310911
SJTALL203,-0.6600306512521860,3,146323448,170135449
SJTALL203,-0.6899698639770180,5,155007127,158979124
SJTALL203,-0.6600306512521860,7,145071867,155003535
SJTALL203,-0.5399679893454784,9,21669452,21854552
SJTALL203,-1.1699903586167092,9,21854661,22123251
SJTALL203,-0.6000260330063368,9,22123716,44569207
SJTALL204,-1.1899965263679542,1,91391248,91466578
SJTALL204,-1.1599774278602114,11,38384865,38394458
SJTALL204,-1.2100134477295624,12,25540442,25545712
SJTALL204,-1.0600212808946654,12,127796466,127799941
SJTALL204,-0.9899687010826844,18,64847339,64888644
SJTALL204,-0.9899687010826844,6,31065597,31502146
SJTALL204,-1.0100002952819276,9,21146118,21362123
SJTALL204,-1.7899943569650528,9,21363248,22863960
SJTALL204,-0.9799781900576386,9,22868225,23518500
SJTALL204,-0.9899687010826844,9,34156112,69247625
SJTALL204,-1.0800036771243770,X,25139883,25841805
SJTALL205,1.1099685694645366,11,26098150,26189543
SJTALL205,1.1199004581993544,12,127791702,127835832
SJTALL205,-0.8500269910736628,17,27294591,27735710
SJTALL205,-0.9799781900576386,2,33800195,33801831
SJTALL205,1.1799410037958966,5,7283390,7308921
SJTALL205,0.8400178552273120,5,7467146,7524013
SJTALL206,-0.9200234401671176,14,97799507,98062268
SJTALL206,-0.8400199445905894,8,121023961,121146757
SJTALL206,-0.9799781900576386,9,21373193,21926227
SJTALL206,-1.6800097172713788,9,21934275,22402951
SJTALL206,-1.0299708546917654,9,22403320,24180647
SJTALL207,-0.9700316538337806,17,56469336,56735161
SJTALL207,-1.0700016897803704,3,78574100,78578669
SJTALL207,-0.8099683036933244,5,179028912,179037601
SJTALL207,-0.4499658510516358,7,38245121,38344658
SJTALL207,-0.9200234401671176,9,130497893,133020383
SJTALL208,0.3899824097135646,6,135512161,135768757
SJTALL209,-0.8099683036933244,1,183462335,184609336
SJTALL209,-0.7799840577197090,11,98598752,100091099
SJTALL209,-0.7400207280450244,12,85208480,86576589
SJTALL209,-0.7099741278048128,17,47846063,48115018
SJTALL209,-0.7500243421279354,18,20023089,20073910
SJTALL209,-1.1199850122274936,18,54081842,54086942
SJTALL209,-0.7900059107807074,2,103723626,103803992
SJTALL209,-1.1299923450459802,2,105755332,105759061
SJTALL209,-0.5700150136383094,4,9044420,9220266
SJTALL209,-0.7900059107807074,6,75699559,79861582
SJTALL209,1.1900963540920648,6,135509418,135785135
SJTALL209,-0.9300080074767830,7,9091011,9139078
SJTALL209,-0.8099683036933244,7,40390469,44499354
SJTALL209,-0.8099683036933244,7,45340085,53758737
SJTALL209,-0.8099683036933244,7,99931337,130380110
SJTALL210,-0.4999610107141818,16,765,1481527
SJTALL210,3.4501653507593824,20,38123956,38151875
SJTALL210,1.5100704818816878,20,38153497,38231764
SJTALL210,-1.1099859599578540,3,115055505,115097179
SJTALL210,-1.0800036771243770,5,97409553,97439343
SJTALL210,-1.2799844347963874,6,86187418,86194607
SJTALL210,-1.0999980702064880,7,124893135,125273832
